000000000000
000000000001
000000000101
000000000110
000000010011
000000010100
000000010101
000000011111
000000100000
000000100011
000000100111
000000101011
000000101111
000000110110
000000111010
000000111101
000000111110
000001000100
000001001000
000001001010
000001001100
000001010000
000001010010
000001011010
000001011011
000001011111
000001100001
000001100010
000001100100
000001100101
000001101110
000001110001
000001110011
000001111100
000001111101
000001111110
000010000010
000010000011
000010001011
000010001100
000010001101
000010001111
000010010010
000010010011
000010010100
000010010110
000010011000
000010011010
000010011101
000010011110
000010011111
000010101010
000010101100
000010101101
000010110100
000010110111
000010111100
000010111101
000010111110
000011000000
000011000001
000011010100
000011010101
000011011001
000011011010
000011011011
000011011101
000011011110
000011100011
000011110100
000011110110
000011111000
000011111001
000011111101
000100000000
000100000110
000100001000
000100001001
000100001010
000100001100
000100010010
000100010110
000100010111
000100011011
000100011110
000100100010
000100100011
000100101001
000100101110
000100110010
000100110101
000100111010
000100111011
000100111100
000100111111
000101000001
000101000010
000101001000
000101001100
000101011000
000101011001
000101100010
000101100110
000101101001
000101101101
000101110001
000101110110
000101111001
000101111011
000110000000
000110000001
000110000100
000110000110
000110001000
000110001101
000110010001
000110010111
000110011011
000110011101
000110011110
000110100000
000110101111
000110111000
000110111011
000111000001
000111000110
000111001111
000111010000
000111010011
000111101111
000111110001
000111110010
000111111001
000111111010
000111111011
000111111101
001000000000
001000000011
001000000101
001000001101
001000001110
001000010001
001000010111
001000100111
001000101100
001000101110
001000110001
001000110011
001000110111
001000111001
001000111110
001001000001
001001001010
001001001110
001001010010
001001010110
001001011100
001001011111
001001101111
001001110001
001001110010
001010000000
001010000100
001010001011
001010010001
001010010011
001010011100
001010100101
001010101100
001010101110
001010110100
001010111000
001010111001
001011000100
001011000111
001011001100
001011010010
001011011000
001011011001
001011011101
001011100001
001011101011
001011110000
001011111000
001011111001
001011111101
001100000001
001100000110
001100001001
001100001101
001100010101
001100011110
001100100000
001100100001
001100101001
001100101010
001100101011
001100101100
001100101110
001100110010
001100110101
001100110110
001100110111
001100111110
001100111111
001101000011
001101001011
001101010001
001101010011
001101010111
001101011000
001101011001
001101100000
001101100001
001101100101
001101100111
001101101000
001101101010
001101101011
001101101101
001101101110
001101110010
001101110101
001101110110
001101110111
001101111000
001101111001
001101111110
001110000101
001110001001
001110001101
001110010001
001110010110
001110011010
001110011110
001110100011
001110101101
001110110011
001110110101
001110110110
001110111100
001111000001
001111001001
001111011001
001111011110
001111100011
001111101001
001111101100
001111101110
001111110000
001111110011
001111110101
001111111011
001111111100
010000000100
010000000101
010000010001
010000011001
010000100000
010000100001
010000100011
010000100100
010000101000
010000110110
010000111100
010001000001
010001000011
010001000101
010001001000
010001001100
010001010010
010001010100
010001011011
010001011101
010001011110
010001100010
010001100011
010001100111
010001101000
010001101101
010001110001
010001110111
010001111110
010010000111
010010001011
010010001100
010010001101
010010001111
010010010111
010010011101
010010100101
010010100110
010010101001
010010110000
010011001000
010011001001
010011001101
010011001110
010011010101
010011011011
010011100100
010011100101
010011100111
010011101100
010011101110
010011110001
010011110100
010011110110
010011110111
010011111111
010100000011
010100001000
010100001010
010100001011
010100001101
010100010001
010100010010
010100010100
010100100110
010100100111
010100101110
010100101111
010100110000
010100110001
010100110010
010100110110
010100110111
010100111001
010100111010
010100111110
010100111111
010101000000
010101000011
010101001000
010101001101
010101001111
010101011001
010101011011
010101101010
010101101110
010101101111
010101110000
010101110101
010101110110
010101111000
010101111011
010101111101
010110001010
010110001101
010110001111
010110010000
010110010101
010110010110
010110011001
010110011101
010110011110
010110100011
010110100110
010110100111
010110101000
010110110010
010110110100
010111000001
010111000010
010111000011
010111000101
010111001000
010111001011
010111010001
010111010010
010111011101
010111011110
010111100000
010111101000
010111101001
010111101011
010111111011
010111111110
011000000001
011000001000
011000001001
011000001011
011000001110
011000010100
011000011011
011000011110
011000100000
011000100001
011000100011
011000100111
011000101011
011000101101
011000101110
011000110001
011000110011
011000111001
011000111010
011001000000
011001000001
011001000110
011001001011
011001001110
011001010000
011001010010
011001010100
011001010111
011001011101
011001100100
011001100110
011001100111
011001110110
011001111100
011001111110
011010000000
011010000001
011010000110
011010000111
011010001000
011010001001
011010001110
011010001111
011010010000
011010010001
011010011011
011010011110
011010100011
011010101111
011010110011
011010110110
011010111001
011010111010
011010111111
011011000001
011011000011
011011000101
011011001011
011011001100
011011001110
011011010100
011011010101
011011011111
011011100001
011011100010
011011101110
011011101111
011011110011
011011111010
011011111100
011011111111
011100000010
011100001000
011100001001
011100001110
011100010101
011100010111
011100011011
011100011100
011100011101
011100100110
011100110100
011100110111
011100111000
011100111011
011101000001
011101000011
011101000100
011101000101
011101001000
011101001011
011101010011
011101010100
011101010101
011101011111
011101100101
011101101111
011101110011
011101110101
011101110111
011110000001
011110000010
011110001101
011110010011
011110011010
011110100001
011110100011
011110100100
011110100101
011110101000
011110110001
011110110100
011110110110
011110111100
011111000100
011111000110
011111001000
011111001011
011111010111
011111011001
011111011100
011111011101
011111100000
011111100100
011111100101
011111101000
011111101001
011111101010
011111101011
011111110100
011111111000
011111111011
011111111100
011111111111
100000000001
100000000111
100000001001
100000001010
100000001100
100000010101
100000011101
100000011111
100000101011
100000101100
100000110000
100000110011
100000110110
100000110111
100000111001
100000111100
100000111110
100000111111
100001000010
100001000100
100001000111
100001001100
100001001111
100001010101
100001011000
100001100001
100001100011
100001100101
100001100110
100001101011
100001101110
100001110001
100001110011
100001111110
100010000010
100010000110
100010010100
100010011010
100010011101
100010011110
100010100000
100010100001
100010101100
100010110000
100010111111
100011000000
100011000001
100011000010
100011000100
100011001010
100011001011
100011001100
100011010110
100011010111
100011011000
100011011101
100011011111
100011100011
100011100101
100011101101
100011101111
100011110011
100011110111
100011111101
100100000111
100100001111
100100010000
100100010010
100100010110
100100010111
100100011100
100100101100
100100101111
100100110001
100100110011
100100110110
100100111100
100100111110
100101000000
100101000001
100101000011
100101000111
100101001001
100101001010
100101001101
100101001110
100101010010
100101010011
100101010101
100101011001
100101101100
100101110001
100101110010
100101110110
100101111100
100110000000
100110000011
100110000100
100110010100
100110010110
100110011001
100110011100
100110011111
100110100001
100110100011
100110101000
100110101101
100110110000
100110111001
100111000011
100111000100
100111001000
100111001001
100111010001
100111010011
100111010100
100111011110
100111100001
100111100011
100111100100
100111101010
100111111001
101000000111
101000001011
101000010011
101000010101
101000011000
101000011010
101000011101
101000100000
101000100001
101000100111
101000101000
101000101101
101000110000
101000110100
101000110101
101000111101
101001000001
101001000110
101001001010
101001010010
101001010011
101001011011
101001100100
101001100110
101001101001
101001110000
101001110100
101001111000
101001111110
101010000010
101010001000
101010001011
101010010000
101010010111
101010011100
101010100011
101010100110
101010101000
101010110000
101010110001
101010110100
101010111010
101011000010
101011000011
101011000100
101011001000
101011001110
101011010010
101011010101
101011010110
101011011000
101011011110
101011100100
101011100110
101011101010
101011101111
101011110000
101011111110
101100000011
101100000100
101100000111
101100010101
101100011000
101100011010
101100100000
101100101101
101100110001
101100110010
101100110011
101100111000
101100111001
101100111010
101100111011
101100111110
101101000010
101101000110
101101001010
101101001011
101101001110
101101010000
101101010010
101101010100
101101011001
101101100000
101101100100
101101101001
101101101011
101101101100
101101110001
101101110010
101101110011
101101111000
101101111010
101101111011
101101111111
101110001010
101110001011
101110001100
101110001101
101110010101
101110011110
101110011111
101110101000
101110101010
101110110010
101110110011
101110110100
101110110110
101110111001
101110111101
101111000000
101111000011
101111000110
101111001000
101111001001
101111010000
101111010001
101111011111
101111100001
101111100101
101111101000
101111110100
101111111001
101111111010
101111111101
110000000010
110000000101
110000001011
110000001101
110000010010
110000010110
110000011000
110000011010
110000011101
110000011111
110000100011
110000100110
110000101000
110000101010
110000101011
110000101100
110000101110
110000110100
110000111101
110001000000
110001000010
110001000011
110001000110
110001001110
110001010000
110001010100
110001011000
110001100101
110001101010
110001110101
110001111000
110010000000
110010001010
110010001101
110010001110
110010001111
110010010010
110010010100
110010010110
110010010111
110010011001
110010011010
110010100000
110010100101
110010100111
110010101001
110010101010
110010101110
110010101111
110010111000
110010111011
110011000001
110011000101
110011001010
110011001111
110011100100
110011100101
110011101010
110011101101
110011110011
110011110110
110011110111
110100000001
110100000010
110100000100
110100001111
110100010000
110100010001
110100011010
110100011011
110100011111
110100100001
110100100110
110100101001
110100101101
110100110101
110100111000
110100111100
110101001101
110101001110
110101010000
110101010011
110101010100
110101011010
110101011110
110101101111
110101111001
110101111011
110101111100
110110000111
110110001100
110110001111
110110010000
110110010100
110110010110
110110011011
110110011101
110110100001
110110100011
110110101011
110110110111
110110111000
110110111010
110110111100
110111000010
110111000011
110111001000
110111001101
110111011000
110111011011
110111011110
110111100100
110111100110
110111101001
110111101111
110111110010
110111110111
110111111001
110111111011
110111111110
110111111111
111000000000
111000000111
111000001001
111000001011
111000010001
111000010010
111000010101
111000011000
111000011011
111000011101
111000101100
111000101111
111000111010
111000111011
111000111100
111000111110
111000111111
111001000000
111001010001
111001100010
111001100011
111001101001
111001101011
111001110000
111001110011
111001111000
111001111001
111010000001
111010000101
111010001000
111010001001
111010010101
111010011111
111010100001
111010100010
111010100011
111010100100
111010100111
111010101110
111010101111
111010110001
111010111000
111010111100
111010111111
111011000001
111011000100
111011001010
111011001110
111011010110
111011010111
111011011001
111011011011
111011100111
111011101011
111011101100
111011101111
111011110100
111011110111
111011111001
111100000000
111100000111
111100001001
111100001110
111100001111
111100010011
111100010100
111100011000
111100011010
111100011011
111100011101
111100100010
111100100111
111100101001
111100110001
111100110100
111100110101
111100111010
111101000000
111101000001
111101000110
111101000111
111101001000
111101011011
111101100000
111101100011
111101100110
111101100111
111101101010
111101110011
111101111011
111101111101
111110000100
111110001000
111110001010
111110001011
111110001111
111110010000
111110010010
111110010110
111110010111
111110011000
111110011001
111110011011
111110011100
111110101001
111110110111
111110111101
111110111110
111111000001
111111000100
111111000101
111111001000
111111010100
111111011001
111111100001
111111100111
111111101000
111111110110
111111111001
111111111101
